####this is a test

a <- 100
b <- 100

a+b
